00 1000
01 1000
02 1000
03 1000
04 1000
05 1000
06 1000
07 1000
08 1000
09 1000
0a 1000
0b 1000
0c 1000
0d 1000
0e 1000
0f 1000
12 1000
16 1000
17 1000
18 1000
19 1000
1a 1000
1b 1000
1c 1000
1d 1000
1e 1000
1f 1000
20 1000
21 1000
22 1000
23 1000
24 1000
25 1000
26 1000
27 1000
28 1000
29 1000
2a 1000
2b 1000
2c 1000
2d 1000
2e 1000
2f 1000
30 1000
31 1000
32 1000
33 1000
34 1000
35 1000
36 1000
37 1000
38 1000
39 1000
3a 1000
3b 1000
3d 1000
3e 1000
3f 1000
40 1000
41 1000
42 1000
43 1000
44 1000
45 1000
46 1000
47 1000
48 1000
49 1000
4a 1000
4b 1000
4c 1000
4d 1000
4e 1000
4f 1000
50 1000
51 1000
52 1000
53 1000
54 1000
55 1000
56 1000
57 1000
58 1000
59 1000
5a 1000
5b 1000
5c 1000
5d 1000
5e 1000
5f 1000
60 1000
61 1000
62 1000
63 1000
64 1000
65 1000
66 1000
67 1000
68 1000
69 1000
6a 1000
6b 1000
6c 1000
6d 1000
6e 1000
6f 1000
70 1000
71 1000
72 1000
73 1000
74 1000
75 1000
76 1000
77 1000
78 1000
79 1000
7a 1000
7b 1000
7c 1000
7d 1000
7e 1000
7f 1000
80 1000
81 1000
82 1000
83 1000
84 1000
85 1000
86 1000
87 1000
88 1000
89 1000
8a 1000
8b 1000
8c 1000
8d 1000
8e 1000
8f 1000
90 1000
91 1000
92 1000
93 1000
94 1000
95 1000
96 1000
97 1000
98 1000
99 1000
9a 1000
9b 1000
9c 1000
9d 1000
9e 1000
9f 1000
a0 1000
a1 1000
a2 1000
a3 1000
a4 1000
a5 1000
a6 1000
a7 1000
a8 1000
a9 1000
aa 1000
ab 1000
ac 1000
ad 1000
ae 1000
af 1000
b0 1000
b1 1000
b2 1000
b3 1000
b4 1000
b5 1000
b6 1000
b7 1000
b8 1000
b9 1000
ba 1000
bb 1000
bc 1000
bd 1000
be 1000
bf 1000
c0 1000
c1 1000
c2 1000
c3 1000
c4 1000
c5 1000
c6 1000
c7 1000
c8 1000
c9 1000
ca 1000
cb 1000
cc 1000
ce 1000
cf 1000
d0 1000
d1 1000
d2 1000
d3 1000
d4 1000
d5 1000
d6 1000
d7 1000
d8 1000
d9 1000
da 1000
db 1000
dc 1000
dd 1000
de 1000
df 1000
e0 1000
e1 1000
e2 1000
e3 1000
e4 1000
e5 1000
e6 1000
e7 1000
e8 1000
e9 1000
ea 1000
eb 1000
ec 1000
ed 1000
ee 1000
ef 1000
f0 1000
f1 1000
f2 1000
f3 1000
f4 1000
f5 1000
f6 1000
f7 1000
f8 1000
f9 1000
fa 1000
fb 1000
fc 1000
fd 1000
fe 1000
ff 1000
10 20 1000
10 21 1000
10 22 1000
10 23 1000
10 24 1000
10 25 1000
10 26 1000
10 27 1000
10 28 1000
10 29 1000
10 2a 1000
10 2b 1000
10 2c 1000
10 2d 1000
10 2e 1000
10 2f 1000
10 3e 1000
10 3f 1000
10 83 1000
10 87 1000
10 8c 1000
10 8e 1000
10 8f 1000
10 93 1000
10 9c 1000
10 9e 1000
10 9f 1000
10 a3 1000
10 ac 1000
10 ae 1000
10 af 1000
10 b3 1000
10 bc 1000
10 be 1000
10 bf 1000
10 c3 1000
10 c7 1000
10 ce 1000
10 cf 1000
10 d3 1000
10 de 1000
10 df 1000
10 e3 1000
10 ee 1000
10 ef 1000
10 f3 1000
10 fe 1000
10 ff 1000
11 3e 1000
11 3f 1000
11 83 1000
11 87 1000
11 8c 1000
11 8f 1000
11 93 1000
11 9c 1000
11 a3 1000
11 ac 1000
11 b3 1000
11 bc 1000
11 c3 1000
11 c7 1000
11 cf 1000
11 d3 1000
11 e3 1000
11 f3 1000
